
Anfang				(DivideandConquer)
repitions |  dimension  |  seriel  | parallel |  speedup  
----------+-------------+----------+----------+-----------
      100 |   64 x   65 |      560 |    25088 | 0.022321
       50 |  128 x  129 |     1741 |    38584 | 0.045122
       25 |  256 x  257 |    20026 |    82214 | 0.243584
       12 |  512 x  513 |   224024 |   206622 | 1.084221
        5 |  768 x  769 |  5847059 |   604141 | 9.678302
zu executor			(DivideandConquer)
repitions |  dimension  |  seriel  | parallel |  speedup  
----------+-------------+----------+----------+-----------
      100 |   64 x   65 |      657 |    18958 | 0.034656
       50 |  128 x  129 |     1494 |    21984 | 0.067959
       25 |  256 x  257 |    19111 |    42858 | 0.445914
       12 |  512 x  513 |   218579 |   136140 | 1.605546
        5 |  768 x  769 |  6896473 |   476805 | 14.463928
        2 | 1024 x 1025 | 21803367 |  1245589 | 17.504463
        1 | 1536 x 1537 |107461631 | 28974379 | 3.708850
parallelisierung verändert	(DivideandConquer)
repitions |  dimension  |  seriel  | parallel |  speedup  
----------+-------------+----------+----------+-----------
      100 |   64 x   65 |      541 |     3787 | 0.142857
       50 |  128 x  129 |     1842 |     3209 | 0.574011
       25 |  256 x  257 |    19593 |    14296 | 1.370523
       12 |  512 x  513 |   220222 |    87329 | 2.521751
        5 |  768 x  769 |  7003279 |   379664 | 18.445992
        2 | 1024 x 1025 | 26089553 |  1456051 | 17.918021
        1 | 1536 x 1537 | 92947771 | 23831454 | 3.900214
nochmals verändert		(DivideandConquer)
repitions |  dimension  |  seriel  | parallel |  speedup  
----------+-------------+----------+----------+-----------
      100 |   64 x   65 |      400 |     2705 | 0.147874
       50 |  128 x  129 |     1769 |     2021 | 0.875309
       25 |  256 x  257 |    20979 |     5837 | 3.594141
       12 |  512 x  513 |   208713 |    46531 | 4.485461
        5 |  768 x  769 |  5243284 |   189773 | 27.629241
        2 | 1024 x 1025 | 15819250 |   701076 | 22.564244
paralleles berechnen mit tranponierte
repitions |  dimension  |  seriel  | parallel |  speedup  
----------+-------------+----------+----------+-----------
      100 |   64 x   65 |      436 |     3837 | 0.113630
       50 |  128 x  129 |     2000 |     5448 | 0.367107
       25 |  256 x  257 |    20843 |    13208 | 1.578059
       12 |  512 x  513 |   212737 |    64330 | 3.306964
        5 |  768 x  769 |  3920080 |   213279 | 18.380056
        2 | 1024 x 1025 | 15679720 |   537288 | 29.183082
        1 | 1536 x 1537 | 66802114 |  1791409 | 37.290264

repitions |  dimension  |  seriel  | parallel |  speedup  | DivideandConquer | speedup
----------+-------------+----------+----------+-----------+------------------+--------
      100 |   64 x   65 |      447 |     4148 |  0.107763 |             1523 |  0.293500
       50 |  128 x  129 |     1891 |     2815 |  0.671758 |             1789 |  1.057015
       25 |  256 x  257 |    20607 |    10171 |  2.026054 |             7484 |  2.753474
       12 |  512 x  513 |   210853 |    37181 |  5.670988 |            51669 |  4.080842
        5 |  768 x  769 |  5321146 |   124053 | 42.894134 |           215490 | 24.693239
        2 | 1024 x 1025 | 15991853 |   318304 | 50.240817 |           947862 | 16.871499
        1 | 1536 x 1537 | 79746176 |  1224729 | 65.113324 |         12338548 |  6.463173

seriel ausgeschaltet um 2048 x 2049 zu bekommen
repitions |  dimension  |  seriel  | parallel |  speedup  | DivideandConquer | speedup
----------+-------------+----------+----------+-----------+------------------+----------
      100 |   64 x   65 |        0 |     4196 |  0.000000 |             1879 |  0.000000
       50 |  128 x  129 |        0 |     3010 |  0.000000 |             1516 |  0.000000
       25 |  256 x  257 |        0 |    11154 |  0.000000 |             7384 |  0.000000
       12 |  512 x  513 |        0 |    35817 |  0.000000 |            52172 |  0.000000
        5 |  768 x  769 |        0 |   117062 |  0.000000 |           203839 |  0.000000
        2 | 1024 x 1025 |        1 |   301582 |  0.000003 |           689108 |  0.000001
        1 | 1536 x 1537 |        1 |  1264734 |  0.000001 |         14646379 |  0.000000
        1 | 2048 x 2049 |        1 |  2996627 |  0.000000 |         51328229 |  0.000000´

divideandconquer benutzt paralleleberechnung ab 768 x 769
repitions |  dimension  |  seriel  | parallel |  speedup  | DivideandConquer | speedup
----------+-------------+----------+----------+-----------+------------------+----------
      100 |   64 x   65 |      418 |     3856 |  0.108402 |             1981 |  0.211005
       50 |  128 x  129 |     1725 |     3396 |  0.507951 |             1643 |  1.049909
       25 |  256 x  257 |    21754 |    11422 |  1.904570 |             6763 |  3.216620
       12 |  512 x  513 |   234922 |    36746 |  6.393131 |            54368 |  4.320961
        5 |  768 x  769 |  4958337 |   123392 | 40.183618 |           178571 | 27.766754
        2 | 1024 x 1025 | 24829222 |   331090 | 74.992365 |           352304 | 70.476696
        1 | 1536 x 1537 | 86828207 |  1214482 | 71.494025 |          1116898 | 77.740498
        1 | 2048 x 2049 | 211702362 |  3088043 | 68.555510 |          2844559 | 74.423614